0
1
2
3
4
0
5
6
7
8
6
1
1
8
9
10
3
11
12
0
10
1
13
13
14
15
16
11
11
16
15
17
5
16
15
15
18
19
20
21
20
20
18
21
18
18
22
20
23
24
25
25
26
27
27
28
29
24
14
26
24
22
28
30
31
32
32
33
11
11
31
26
31
32
34
33
11
35
34
36
28
35
35
35
37
36
30
28
37
38
39
40
23
1
30
30
40
11
39
41
42
43
11
41
40
1
23
44
11
45
46
47
47
4
26
18
48
30
49
47
18
23
30
49
46
50
51
28
52
46
51
12
4
18
52
53
54
30
50
52
11
18
2
45
54
18
18
1
45
51
55
49
45
20
56
28
1
24
32
57
58
13
1
20
28
13
13
1
59
60
28
1
11
5
20
61
5
20
62
11
11
62
63
11
9
5
6
1
30
64
8
30
58
32
9
57
59
5
52
57
1
15
24
5
11
65
11
59
24
65
5
66
30
28
60
1
1
28
60
63
11
24
28
24
67
28
24
67
44
49
55
24
24
48
1
1
66
17
65
17
5
28
68
69
70
71
11
24
72
72
68
24
6
72
24
11
29
68
68
24
13
54
24
71
13
6
13
15
28
24
73
73
11
74
11
11
75
11
11
76
6
76
11
11
77
70
76
11
78
5
61
71
79
5
13
5
80
80
78
76
1
18
1
1
1
70
50
5
54
80
11
18
50
41
77
81
82
81
82
81
44
1
69
44
5
81
5
83
79
12
6
6
15
5
83
83
84
1
79
11
84
1
5
53
57
69
39
13
7
43
36
2
85
38
42
1
21
80
32
19
11
28
16
14
4
62
31
64
74
86
53
3
11
0
55
53
13
25
85
32
13
19
19
40
33
29
8
